Pfad: C:\TRNSYS18\Building\trnvfm


************************************************************
** TRNVFM Version 1.39 
************************************************************
** Reading b17 file: E:\SIM_FILES\TACR_REGULUS\testbed\BuiFiles\Building_V1.b18

Reading zone: S1NP

Reading zone: N1NP

Reading zone: S2NP

Reading zone: N2NP
** Closing b17 file: E:\SIM_FILES\TACR_REGULUS\testbed\BuiFiles\Building_V1.b18


** view factor calculation for zone S1NP
** view factor calculation method surface to surface: closed form solution (P. Schröder and P. Hanrahan)
** view factor calculation method of gain/comfort positions: infinitesimal sphere

** view factor calculation for zone N1NP
** view factor calculation method surface to surface: closed form solution (P. Schröder and P. Hanrahan)
** view factor calculation method of gain/comfort positions: infinitesimal sphere

** view factor calculation for zone S2NP
** view factor calculation method surface to surface: closed form solution (P. Schröder and P. Hanrahan)
** view factor calculation method of gain/comfort positions: infinitesimal sphere

** view factor calculation for zone N2NP
** view factor calculation method surface to surface: closed form solution (P. Schröder and P. Hanrahan)
** view factor calculation method of gain/comfort positions: infinitesimal sphere

** Reading ffr file: E:\SIM_FILES\TACR_REGULUS\testbed\BuiFiles\S1NP.ffr
** Reading ffr file: E:\SIM_FILES\TACR_REGULUS\testbed\BuiFiles\S1NP.ffr...OK

** Reading ffr file: E:\SIM_FILES\TACR_REGULUS\testbed\BuiFiles\N1NP.ffr
** Reading ffr file: E:\SIM_FILES\TACR_REGULUS\testbed\BuiFiles\N1NP.ffr...OK

** Reading ffr file: E:\SIM_FILES\TACR_REGULUS\testbed\BuiFiles\S2NP.ffr
** Reading ffr file: E:\SIM_FILES\TACR_REGULUS\testbed\BuiFiles\S2NP.ffr...OK

** Reading ffr file: E:\SIM_FILES\TACR_REGULUS\testbed\BuiFiles\N2NP.ffr
** Reading ffr file: E:\SIM_FILES\TACR_REGULUS\testbed\BuiFiles\N2NP.ffr...OK

0.000000000000 0.007977043877 0.001521931467 0.084055423969 0.096903042539 0.033857696937 0.000000000000 0.010018546278 0.134251905127 0.000000000000 0.180958466508 0.000000000000 0.000000000000 0.019658273672 0.003978034611 0.000000000000 0.134251905127 0.258710032951 0.033857696937 Sum=1
0.007891269212 0.000000000000 0.000000000000 0.092850173830 0.073534698197 0.002405660149 0.004071571257 0.230954868031 0.018340974023 0.017933088547 0.175526822617 0.235723586637 0.051149103034 0.019732393376 0.003263084472 0.002348947633 0.004169520109 0.008078968022 0.052025270853 Sum=0.999999999999998
0.009334512998 0.000000000000 0.000000000000 0.074048126048 0.095636387832 0.002304803072 0.004681316674 0.257380901831 0.019827274678 0.022356164627 0.113004420222 0.227814846475 0.070262430906 0.020231123729 0.003386265643 0.002656420671 0.004074033794 0.008170780376 0.064830190424 Sum=1.00000000000003
0.059160320258 0.066060615479 0.008497325940 0.000000000000 0.000000000000 0.053417414184 0.058665420654 0.058143191885 0.055789809675 0.059180375450 0.164256815233 0.061429387540 0.058724783109 0.066060615479 0.008497325940 0.056356971284 0.054948594304 0.055759030610 0.055052002977 Sum=1
0.064005701944 0.049098552335 0.010299303305 0.000000000000 0.000000000000 0.045788550969 0.060734938648 0.051075959988 0.067280785535 0.064098869962 0.179772719077 0.047991991758 0.061278699786 0.049098552335 0.010299303305 0.043029889691 0.064223037223 0.067197681460 0.064725462679 Sum=0.999999999999998
0.033857696937 0.002431808629 0.000375783110 0.075895860215 0.069322728564 0.000000000000 0.134251905127 0.000000000000 0.000000000000 0.009574098189 0.145218588779 0.001603258924 0.003468845981 0.225161607855 0.040127784739 0.258710032951 0.000000000000 0.000000000000 0.000000000000 Sum=1
0.000000000000 0.004115827467 0.000763258153 0.083352266922 0.091951188171 0.134251905127 0.000000000000 0.003651370065 0.033857696937 0.000000000000 0.175303455094 0.000000000000 0.000000000000 0.057374281385 0.012842714411 0.000000000000 0.258710032951 0.134251905127 0.009574098189 Sum=1
0.009217062575 0.214788027269 0.038607135275 0.076001457964 0.071141515698 0.000000000000 0.003359260460 0.000000000000 0.000000000000 0.032375585291 0.147142973661 0.274756501332 0.128257670477 0.002492351079 0.000385460710 0.001474998210 0.000000000000 0.000000000000 0.000000000000 Sum=1
0.134251905127 0.018540332436 0.003232707828 0.079266577411 0.101861437727 0.000000000000 0.033857696937 0.000000000000 0.000000000000 0.258710032951 0.181128015139 0.035190853577 0.134251905127 0.008708059841 0.001426377709 0.009574098189 0.000000000000 0.000000000000 0.000000000000 Sum=0.999999999999999
0.000000000000 0.018128013423 0.003645026841 0.084083918535 0.097044096604 0.009574098189 0.000000000000 0.035190853577 0.258710032951 0.000000000000 0.181128015139 0.000000000000 0.000000000000 0.008506108083 0.001628329467 0.000000000000 0.033857696937 0.134251905127 0.134251905127 Sum=0.999999999999999
0.061659921921 0.060459238902 0.006278023346 0.079521156581 0.092739894762 0.049481889510 0.059733029143 0.054497397652 0.061717694047 0.061717694047 0.000000000000 0.054497397652 0.060042279807 0.060459238902 0.006278023346 0.049481889510 0.059733029143 0.061659921921 0.060042279807 Sum=0.999999999999999
0.000000000000 0.219222935572 0.034172226971 0.080296985142 0.066845988520 0.001474998210 0.000000000000 0.274756501332 0.032375585291 0.000000000000 0.147142973661 0.000000000000 0.000000000000 0.002433601890 0.000444209899 0.000000000000 0.003359260460 0.009217062575 0.128257670477 Sum=1
0.000000000000 0.051705071545 0.011455831126 0.083436609541 0.092774429024 0.003468845981 0.000000000000 0.139410511388 0.134251905127 0.000000000000 0.176211038565 0.000000000000 0.000000000000 0.004337961378 0.000805968247 0.000000000000 0.009574098189 0.033857696937 0.258710032951 Sum=1
0.019446894385 0.019732393376 0.003263084472 0.092850173830 0.073534698197 0.222740515297 0.056757353628 0.002679947397 0.008614424789 0.008414644555 0.175526822617 0.002616776225 0.004291316632 0.000000000000 0.000000000000 0.227590580894 0.057660339848 0.019885537686 0.004394496169 Sum=0.999999999999999
0.024398612282 0.020231123729 0.003386265643 0.074048126048 0.095636387832 0.246117079735 0.078768648389 0.002569738064 0.008748449949 0.009987087398 0.113004420222 0.002961399328 0.004943271918 0.000000000000 0.000000000000 0.216046673035 0.073170133826 0.021679023815 0.004303558786 Sum=1.00000000000001
0.000000000000 0.002374479673 0.000433112066 0.080072404852 0.065146183927 0.258710032951 0.000000000000 0.001603258924 0.009574098189 0.000000000000 0.145218588779 0.000000000000 0.000000000000 0.230064391556 0.035225001038 0.000000000000 0.134251905127 0.033857696937 0.003468845981 Sum=1
0.134251905127 0.004214840980 0.000664244640 0.078071372342 0.097232082752 0.000000000000 0.258710032951 0.000000000000 0.000000000000 0.033857696937 0.175303455094 0.003651370065 0.009574098189 0.058287082673 0.011929913124 0.134251905127 0.000000000000 0.000000000000 0.000000000000 Sum=1
0.258710032951 0.008166782892 0.001332192453 0.079222846286 0.101735620222 0.000000000000 0.134251905127 0.000000000000 0.000000000000 0.134251905127 0.180958466508 0.010018546278 0.033857696937 0.020101684835 0.003534623448 0.033857696937 0.000000000000 0.000000000000 0.000000000000 Sum=1
0.033857696937 0.052590762928 0.010570139743 0.078218296156 0.097992742410 0.000000000000 0.009574098189 0.000000000000 0.000000000000 0.134251905127 0.176211038565 0.139410511388 0.258710032951 0.004442262432 0.000701667193 0.003468845981 0.000000000000 0.000000000000 0.000000000000 Sum=0.999999999999998
0.000000000000 0.000000000000 0.101561191971 0.259533387218 0.202351070759 0.149799005641 0.109734381578 0.023621947858 0.000000000000 0.000000000000 0.024509872773 0.006261774713 0.010614127743 0.003967039147 0.101561191971 0.004771724094 0.001713284535 0.000000000000 0.000000000000 Sum=1
0.000000000000 0.000000000000 0.002185881381 0.212866551095 0.006261774713 0.206976685239 0.005889865857 0.101561191971 0.000000000000 0.000000000000 0.000988588881 0.202351070759 0.001274759126 0.000442518785 0.023621947858 0.186168518988 0.049410645347 0.000000000000 0.000000000000 Sum=1
0.101561191971 0.002185881381 0.000000000000 0.254579193983 0.000000000000 0.211786465207 0.042792728776 0.000000000000 0.202351070759 0.006261774713 0.000000000000 0.000000000000 0.033837545488 0.012559707479 0.000000000000 0.002476323069 0.000724787849 0.023621947858 0.105261381468 Sum=0.999999999999998
0.052112656322 0.042742251926 0.051117885776 0.000000000000 0.052112656322 0.229059981463 0.073095152429 0.050917117489 0.051117885776 0.050917117489 0.047050145926 0.042742251926 0.043096354773 0.009804593497 0.052081427344 0.043096354773 0.009804593497 0.052081427344 0.047050145926 Sum=0.999999999999999
0.202351070759 0.006261774713 0.000000000000 0.259533387218 0.000000000000 0.137560841869 0.121972545349 0.000000000000 0.101561191971 0.023621947858 0.000000000000 0.000000000000 0.011058986974 0.003522179916 0.000000000000 0.004983626580 0.001501382049 0.101561191971 0.024509872773 Sum=1
0.037899148427 0.052365101365 0.053581975697 0.288615576644 0.034802892993 0.000000000000 0.000000000000 0.055031674161 0.053973319326 0.055202324440 0.057674927834 0.052508724858 0.045397808267 0.017802686050 0.035707061339 0.045397808267 0.017802686050 0.038726655233 0.057509629049 Sum=0.999999999999999
0.106779994381 0.005731292545 0.041640616847 0.354230354078 0.118688669128 0.000000000000 0.000000000000 0.035091899520 0.040135449045 0.034435552295 0.006185600128 0.005178894496 0.010535195909 0.002752113719 0.115059758132 0.010535195909 0.002752113719 0.103445935463 0.006821364685 Sum=1
0.023621947858 0.101561191971 0.000000000000 0.253579320302 0.000000000000 0.217516498661 0.036062821641 0.000000000000 0.006261774713 0.202351070759 0.000000000000 0.000000000000 0.002345596554 0.000685353151 0.000000000000 0.037808562494 0.014345445535 0.101561191971 0.002299224392 Sum=1
0.000000000000 0.000000000000 0.202351070759 0.254579193983 0.101561191971 0.213333277968 0.041245916014 0.006261774713 0.000000000000 0.000000000000 0.105261381468 0.002185881381 0.032846804756 0.013550448210 0.023621947858 0.002368714228 0.000832396690 0.000000000000 0.000000000000 Sum=0.999999999999997
0.000000000000 0.000000000000 0.006261774713 0.253579320302 0.023621947858 0.218191005691 0.035388314611 0.202351070759 0.000000000000 0.000000000000 0.002299224392 0.101561191971 0.002243550170 0.000787399534 0.101561191971 0.036791089349 0.015362918680 0.000000000000 0.000000000000 Sum=1
0.022549082951 0.000909501770 0.000000000000 0.215575214063 0.000000000000 0.209727010306 0.005848203757 0.000000000000 0.096840470950 0.002115286440 0.000000000000 0.000000000000 0.168772466274 0.055220304550 0.000000000000 0.001367375940 0.000394020813 0.006021295340 0.214659766846 Sum=1
0.006261774713 0.202351070759 0.000000000000 0.212866551095 0.000000000000 0.207544367028 0.005322184067 0.000000000000 0.002185881381 0.101561191971 0.000000000000 0.000000000000 0.001333307030 0.000383970882 0.000000000000 0.177876438803 0.057702725533 0.023621947858 0.000988588881 Sum=0.999999999999998
0.011829842814 0.001420766780 0.037713211491 0.239213246756 0.012325655086 0.199990344787 0.012066744213 0.002614255190 0.036608993847 0.002500520674 0.204460036235 0.001486020610 0.000000000000 0.000000000000 0.005194023959 0.010673589753 0.003325750932 0.004972556630 0.213604440244 Sum=1.00000000000001
0.014338012918 0.001599389324 0.045394371316 0.176482682955 0.012730164552 0.254324086434 0.010222136671 0.002477062102 0.048975191388 0.002845886889 0.216936910732 0.001387780474 0.000000000000 0.000000000000 0.005057010826 0.010784935166 0.003386265643 0.005775197734 0.187282914876 Sum=0.999999999999997
0.101561191971 0.023621947858 0.000000000000 0.259377859498 0.000000000000 0.141134629797 0.118243229701 0.000000000000 0.023621947858 0.101561191971 0.000000000000 0.000000000000 0.004660250746 0.001399172956 0.000000000000 0.012052790557 0.003869830088 0.202351070759 0.006544886239 Sum=0.999999999999996
0.005318265180 0.207491785480 0.002759954786 0.239213246756 0.005554438435 0.199990344787 0.012066744213 0.042139058638 0.002640020703 0.041005046719 0.001656512703 0.198249951617 0.010673589753 0.003325750932 0.013433286392 0.000000000000 0.000000000000 0.012898203538 0.001583799369 Sum=1
0.006192299819 0.178584189611 0.002619590370 0.176482682955 0.005426423692 0.254324086434 0.010222136671 0.051848538862 0.003008519467 0.055525977513 0.001547938906 0.208554136568 0.010784935166 0.003386265643 0.013986671603 0.000000000000 0.000000000000 0.015721868860 0.001783737860 Sum=0.999999999999999
0.000000000000 0.000000000000 0.023621947858 0.259377859498 0.101561191971 0.153069783529 0.106308075970 0.101561191971 0.000000000000 0.000000000000 0.006544886239 0.023621947858 0.004461542905 0.001597880796 0.202351070759 0.011572696455 0.004349924190 0.000000000000 0.000000000000 Sum=0.999999999999998
0.000000000000 0.000000000000 0.096840470950 0.215575214063 0.022549082951 0.209125923815 0.006449290248 0.002115286440 0.000000000000 0.000000000000 0.214659766846 0.000909501770 0.176320756128 0.047672014696 0.006021295340 0.001307354388 0.000454042364 0.000000000000 0.000000000000 Sum=1
0.000000000000 0.000000000000 0.055789809675 0.058665420654 0.066060615479 0.008497325940 0.164256815233 0.059180375450 0.061429387540 0.059160320258 0.054948594304 0.055052002977 0.055759030610 0.066060615479 0.008497325940 0.058724783109 0.056356971284 0.058143191885 0.053417414184 Sum=1
0.000000000000 0.000000000000 0.067280785535 0.060734938648 0.049098552335 0.010299303305 0.179772719077 0.064098869962 0.047991991758 0.064005701944 0.064223037223 0.064725462679 0.067197681460 0.049098552335 0.010299303305 0.061278699786 0.043029889691 0.051075959988 0.045788550969 Sum=0.999999999999998
0.079266577411 0.101861437727 0.000000000000 0.033857696937 0.008708059841 0.001426377709 0.181128015139 0.258710032951 0.035190853577 0.134251905127 0.000000000000 0.000000000000 0.000000000000 0.018540332436 0.003232707828 0.134251905127 0.009574098189 0.000000000000 0.000000000000 Sum=0.999999999999999
0.083352266922 0.091951188171 0.033857696937 0.000000000000 0.057374281385 0.012842714411 0.175303455094 0.000000000000 0.000000000000 0.000000000000 0.258710032951 0.009574098189 0.134251905127 0.004115827467 0.000763258153 0.000000000000 0.000000000000 0.003651370065 0.134251905127 Sum=1
0.092850173830 0.073534698197 0.008614424789 0.056757353628 0.000000000000 0.000000000000 0.175526822617 0.008414644555 0.002616776225 0.019446894385 0.057660339848 0.004394496169 0.019885537686 0.019732393376 0.003263084472 0.004291316632 0.227590580894 0.002679947397 0.222740515297 Sum=1
0.074048126048 0.095636387832 0.008748449949 0.078768648389 0.000000000000 0.000000000000 0.113004420222 0.009987087398 0.002961399328 0.024398612282 0.073170133826 0.004303558786 0.021679023815 0.020231123729 0.003386265643 0.004943271918 0.216046673035 0.002569738064 0.246117079735 Sum=1.00000000000001
0.079521156581 0.092739894762 0.061717694047 0.059733029143 0.060459238902 0.006278023346 0.000000000000 0.061717694047 0.054497397652 0.061659921921 0.059733029143 0.060042279807 0.061659921921 0.060459238902 0.006278023346 0.060042279807 0.049481889510 0.054497397652 0.049481889510 Sum=0.999999999999999
0.084083918535 0.097044096604 0.258710032951 0.000000000000 0.008506108083 0.001628329467 0.181128015139 0.000000000000 0.000000000000 0.000000000000 0.033857696937 0.134251905127 0.134251905127 0.018128013423 0.003645026841 0.000000000000 0.000000000000 0.035190853577 0.009574098189 Sum=0.999999999999999
0.080296985142 0.066845988520 0.032375585291 0.000000000000 0.002433601890 0.000444209899 0.147142973661 0.000000000000 0.000000000000 0.000000000000 0.003359260460 0.128257670477 0.009217062575 0.219222935572 0.034172226971 0.000000000000 0.000000000000 0.274756501332 0.001474998210 Sum=1
0.084055423969 0.096903042539 0.134251905127 0.000000000000 0.019658273672 0.003978034611 0.180958466508 0.000000000000 0.000000000000 0.000000000000 0.134251905127 0.033857696937 0.258710032951 0.007977043877 0.001521931467 0.000000000000 0.000000000000 0.010018546278 0.033857696937 Sum=1
0.078071372342 0.097232082752 0.000000000000 0.258710032951 0.058287082673 0.011929913124 0.175303455094 0.033857696937 0.003651370065 0.134251905127 0.000000000000 0.000000000000 0.000000000000 0.004214840980 0.000664244640 0.009574098189 0.134251905127 0.000000000000 0.000000000000 Sum=1
0.078218296156 0.097992742410 0.000000000000 0.009574098189 0.004442262432 0.000701667193 0.176211038565 0.134251905127 0.139410511388 0.033857696937 0.000000000000 0.000000000000 0.000000000000 0.052590762928 0.010570139743 0.258710032951 0.003468845981 0.000000000000 0.000000000000 Sum=0.999999999999998
0.079222846286 0.101735620222 0.000000000000 0.134251905127 0.020101684835 0.003534623448 0.180958466508 0.134251905127 0.010018546278 0.258710032951 0.000000000000 0.000000000000 0.000000000000 0.008166782892 0.001332192453 0.033857696937 0.033857696937 0.000000000000 0.000000000000 Sum=1
0.092850173830 0.073534698197 0.018340974023 0.004071571257 0.019732393376 0.003263084472 0.175526822617 0.017933088547 0.235723586637 0.007891269212 0.004169520109 0.052025270853 0.008078968022 0.000000000000 0.000000000000 0.051149103034 0.002348947633 0.230954868031 0.002405660149 Sum=0.999999999999998
0.074048126048 0.095636387832 0.019827274678 0.004681316674 0.020231123729 0.003386265643 0.113004420222 0.022356164627 0.227814846475 0.009334512998 0.004074033794 0.064830190424 0.008170780376 0.000000000000 0.000000000000 0.070262430906 0.002656420671 0.257380901831 0.002304803072 Sum=1.00000000000003
0.083436609541 0.092774429024 0.134251905127 0.000000000000 0.004337961378 0.000805968247 0.176211038565 0.000000000000 0.000000000000 0.000000000000 0.009574098189 0.258710032951 0.033857696937 0.051705071545 0.011455831126 0.000000000000 0.000000000000 0.139410511388 0.003468845981 Sum=1
0.080072404852 0.065146183927 0.009574098189 0.000000000000 0.230064391556 0.035225001038 0.145218588779 0.000000000000 0.000000000000 0.000000000000 0.134251905127 0.003468845981 0.033857696937 0.002374479673 0.000433112066 0.000000000000 0.000000000000 0.001603258924 0.258710032951 Sum=1
0.076001457964 0.071141515698 0.000000000000 0.003359260460 0.002492351079 0.000385460710 0.147142973661 0.032375585291 0.274756501332 0.009217062575 0.000000000000 0.000000000000 0.000000000000 0.214788027269 0.038607135275 0.128257670477 0.001474998210 0.000000000000 0.000000000000 Sum=1
0.075895860215 0.069322728564 0.000000000000 0.134251905127 0.225161607855 0.040127784739 0.145218588779 0.009574098189 0.001603258924 0.033857696937 0.000000000000 0.000000000000 0.000000000000 0.002431808629 0.000375783110 0.003468845981 0.258710032951 0.000000000000 0.000000000000 Sum=1
0.000000000000 0.000000000000 0.213604440244 0.002614255190 0.037713211491 0.011829842814 0.204460036235 0.001486020610 0.239213246756 0.012325655086 0.010673589753 0.003325750932 0.002500520674 0.005194023959 0.199990344787 0.012066744213 0.001420766780 0.036608993847 0.004972556630 Sum=1
0.000000000000 0.000000000000 0.187282914876 0.002477062102 0.045394371316 0.014338012918 0.216936910732 0.001387780474 0.176482682955 0.012730164552 0.010784935166 0.003386265643 0.002845886889 0.005057010826 0.254324086434 0.010222136671 0.001599389324 0.048975191388 0.005775197734 Sum=0.999999999999997
0.176320756128 0.047672014696 0.000000000000 0.002115286440 0.096840470950 0.000000000000 0.214659766846 0.000909501770 0.215575214063 0.022549082951 0.001307354388 0.000454042364 0.000000000000 0.006021295340 0.209125923815 0.006449290248 0.000000000000 0.000000000000 0.000000000000 Sum=1
0.002345596554 0.000685353151 0.002299224392 0.000000000000 0.000000000000 0.023621947858 0.000000000000 0.000000000000 0.253579320302 0.000000000000 0.037808562494 0.014345445535 0.202351070759 0.000000000000 0.217516498661 0.036062821641 0.101561191971 0.006261774713 0.101561191971 Sum=1
0.033837545488 0.012559707479 0.105261381468 0.000000000000 0.000000000000 0.101561191971 0.000000000000 0.000000000000 0.254579193983 0.000000000000 0.002476323069 0.000724787849 0.006261774713 0.000000000000 0.211786465207 0.042792728776 0.002185881381 0.202351070759 0.023621947858 Sum=0.999999999999998
0.010614127743 0.003967039147 0.000000000000 0.023621947858 0.101561191971 0.000000000000 0.024509872773 0.006261774713 0.259533387218 0.202351070759 0.004771724094 0.001713284535 0.000000000000 0.101561191971 0.149799005641 0.109734381578 0.000000000000 0.000000000000 0.000000000000 Sum=1
0.168772466274 0.055220304550 0.214659766846 0.000000000000 0.000000000000 0.022549082951 0.000000000000 0.000000000000 0.215575214063 0.000000000000 0.001367375940 0.000394020813 0.002115286440 0.000000000000 0.209727010306 0.005848203757 0.000909501770 0.096840470950 0.006021295340 Sum=1
0.001333307030 0.000383970882 0.000988588881 0.000000000000 0.000000000000 0.006261774713 0.000000000000 0.000000000000 0.212866551095 0.000000000000 0.177876438803 0.057702725533 0.101561191971 0.000000000000 0.207544367028 0.005322184067 0.202351070759 0.002185881381 0.023621947858 Sum=0.999999999999998
0.043096354773 0.009804593497 0.047050145926 0.050917117489 0.051117885776 0.052112656322 0.047050145926 0.042742251926 0.000000000000 0.052112656322 0.043096354773 0.009804593497 0.050917117489 0.052081427344 0.229059981463 0.073095152429 0.042742251926 0.051117885776 0.052081427344 Sum=0.999999999999999
0.011058986974 0.003522179916 0.024509872773 0.000000000000 0.000000000000 0.202351070759 0.000000000000 0.000000000000 0.259533387218 0.000000000000 0.004983626580 0.001501382049 0.023621947858 0.000000000000 0.137560841869 0.121972545349 0.006261774713 0.101561191971 0.101561191971 Sum=1
0.010673589753 0.003325750932 0.001583799369 0.042139058638 0.002759954786 0.005318265180 0.001656512703 0.198249951617 0.239213246756 0.005554438435 0.000000000000 0.000000000000 0.041005046719 0.013433286392 0.199990344787 0.012066744213 0.207491785480 0.002640020703 0.012898203538 Sum=0.999999999999999
0.010784935166 0.003386265643 0.001783737860 0.051848538862 0.002619590370 0.006192299819 0.001547938906 0.208554136568 0.176482682955 0.005426423692 0.000000000000 0.000000000000 0.055525977513 0.013986671603 0.254324086434 0.010222136671 0.178584189611 0.003008519467 0.015721868860 Sum=0.999999999999999
0.002243550170 0.000787399534 0.000000000000 0.202351070759 0.006261774713 0.000000000000 0.002299224392 0.101561191971 0.253579320302 0.023621947858 0.036791089349 0.015362918680 0.000000000000 0.101561191971 0.218191005691 0.035388314611 0.000000000000 0.000000000000 0.000000000000 Sum=1
0.004660250746 0.001399172956 0.006544886239 0.000000000000 0.000000000000 0.101561191971 0.000000000000 0.000000000000 0.259377859498 0.000000000000 0.012052790557 0.003869830088 0.101561191971 0.000000000000 0.141134629797 0.118243229701 0.023621947858 0.023621947858 0.202351070759 Sum=0.999999999999996
0.045397808267 0.017802686050 0.057509629049 0.055031674161 0.053581975697 0.037899148427 0.057674927834 0.052508724858 0.288615576644 0.034802892993 0.045397808267 0.017802686050 0.055202324440 0.035707061339 0.000000000000 0.000000000000 0.052365101365 0.053973319326 0.038726655233 Sum=0.999999999999998
0.010535195909 0.002752113719 0.006821364685 0.035091899520 0.041640616847 0.106779994381 0.006185600128 0.005178894496 0.354230354078 0.118688669128 0.010535195909 0.002752113719 0.034435552295 0.115059758132 0.000000000000 0.000000000000 0.005731292545 0.040135449045 0.103445935463 Sum=1
0.001274759126 0.000442518785 0.000000000000 0.101561191971 0.002185881381 0.000000000000 0.000988588881 0.202351070759 0.212866551095 0.006261774713 0.186168518988 0.049410645347 0.000000000000 0.023621947858 0.206976685239 0.005889865857 0.000000000000 0.000000000000 0.000000000000 Sum=1
0.032846804756 0.013550448210 0.000000000000 0.006261774713 0.202351070759 0.000000000000 0.105261381468 0.002185881381 0.254579193983 0.101561191971 0.002368714228 0.000832396690 0.000000000000 0.023621947858 0.213333277968 0.041245916014 0.000000000000 0.000000000000 0.000000000000 Sum=0.999999999999997
0.004461542905 0.001597880796 0.000000000000 0.101561191971 0.023621947858 0.000000000000 0.006544886239 0.023621947858 0.259377859498 0.101561191971 0.011572696455 0.004349924190 0.000000000000 0.202351070759 0.153069783529 0.106308075970 0.000000000000 0.000000000000 0.000000000000 Sum=0.999999999999998

++++ Smoothing of area view factors in zones...
==== zone S1NP...
iteration #1 of 50
0.000000000000 0.007977043877 0.001521931467 0.084055423969 0.096903042539 0.033857696937 0.000000000000 0.010018546278 0.134251905127 0.000000000000 0.180958466508 0.000000000000 0.000000000000 0.019658273672 0.003978034611 0.000000000000 0.134251905127 0.258710032951 0.033857696937 Sum=1
0.007891269212 0.000000000000 0.000000000000 0.092850173830 0.073534698197 0.002405660149 0.004071571257 0.230954868031 0.018340974023 0.017933088547 0.175526822617 0.235723586637 0.051149103034 0.019732393376 0.003263084472 0.002348947633 0.004169520109 0.008078968022 0.052025270853 Sum=0.999999999999998
0.009334512998 0.000000000000 0.000000000000 0.074048126048 0.095636387832 0.002304803072 0.004681316674 0.257380901831 0.019827274678 0.022356164627 0.113004420222 0.227814846475 0.070262430906 0.020231123729 0.003386265643 0.002656420671 0.004074033794 0.008170780376 0.064830190424 Sum=1.00000000000003
0.059160320258 0.066060615479 0.008497325940 0.000000000000 0.000000000000 0.053417414184 0.058665420654 0.058143191885 0.055789809675 0.059180375450 0.164256815233 0.061429387540 0.058724783109 0.066060615479 0.008497325940 0.056356971284 0.054948594304 0.055759030610 0.055052002977 Sum=1
0.064005701944 0.049098552335 0.010299303305 0.000000000000 0.000000000000 0.045788550969 0.060734938648 0.051075959988 0.067280785535 0.064098869962 0.179772719077 0.047991991758 0.061278699786 0.049098552335 0.010299303305 0.043029889691 0.064223037223 0.067197681460 0.064725462679 Sum=0.999999999999999
0.033857696937 0.002431808629 0.000375783110 0.075895860215 0.069322728564 0.000000000000 0.134251905127 0.000000000000 0.000000000000 0.009574098189 0.145218588779 0.001603258924 0.003468845981 0.225161607855 0.040127784739 0.258710032951 0.000000000000 0.000000000000 0.000000000000 Sum=1
0.000000000000 0.004115827467 0.000763258153 0.083352266922 0.091951188171 0.134251905127 0.000000000000 0.003651370065 0.033857696937 0.000000000000 0.175303455094 0.000000000000 0.000000000000 0.057374281385 0.012842714411 0.000000000000 0.258710032951 0.134251905127 0.009574098189 Sum=1
0.009217062575 0.214788027269 0.038607135275 0.076001457964 0.071141515698 0.000000000000 0.003359260460 0.000000000000 0.000000000000 0.032375585291 0.147142973661 0.274756501332 0.128257670477 0.002492351079 0.000385460710 0.001474998210 0.000000000000 0.000000000000 0.000000000000 Sum=1
0.134251905127 0.018540332436 0.003232707828 0.079266577411 0.101861437727 0.000000000000 0.033857696937 0.000000000000 0.000000000000 0.258710032951 0.181128015139 0.035190853577 0.134251905127 0.008708059841 0.001426377709 0.009574098189 0.000000000000 0.000000000000 0.000000000000 Sum=1
0.000000000000 0.018128013423 0.003645026841 0.084083918535 0.097044096604 0.009574098189 0.000000000000 0.035190853577 0.258710032951 0.000000000000 0.181128015139 0.000000000000 0.000000000000 0.008506108083 0.001628329467 0.000000000000 0.033857696937 0.134251905127 0.134251905127 Sum=0.999999999999998
0.061659921921 0.060459238902 0.006278023346 0.079521156581 0.092739894762 0.049481889510 0.059733029143 0.054497397652 0.061717694047 0.061717694047 0.000000000000 0.054497397652 0.060042279807 0.060459238902 0.006278023346 0.049481889510 0.059733029143 0.061659921921 0.060042279807 Sum=1
0.000000000000 0.219222935572 0.034172226971 0.080296985142 0.066845988520 0.001474998210 0.000000000000 0.274756501332 0.032375585291 0.000000000000 0.147142973661 0.000000000000 0.000000000000 0.002433601890 0.000444209899 0.000000000000 0.003359260460 0.009217062575 0.128257670477 Sum=1
0.000000000000 0.051705071545 0.011455831126 0.083436609541 0.092774429024 0.003468845981 0.000000000000 0.139410511388 0.134251905127 0.000000000000 0.176211038565 0.000000000000 0.000000000000 0.004337961378 0.000805968247 0.000000000000 0.009574098189 0.033857696937 0.258710032951 Sum=0.999999999999999
0.019446894385 0.019732393376 0.003263084472 0.092850173830 0.073534698197 0.222740515297 0.056757353628 0.002679947397 0.008614424789 0.008414644555 0.175526822617 0.002616776225 0.004291316632 0.000000000000 0.000000000000 0.227590580894 0.057660339848 0.019885537686 0.004394496169 Sum=0.999999999999998
0.024398612282 0.020231123729 0.003386265643 0.074048126048 0.095636387832 0.246117079735 0.078768648389 0.002569738064 0.008748449949 0.009987087398 0.113004420222 0.002961399328 0.004943271918 0.000000000000 0.000000000000 0.216046673035 0.073170133826 0.021679023815 0.004303558786 Sum=0.99999999999999
0.000000000000 0.002374479673 0.000433112066 0.080072404852 0.065146183927 0.258710032951 0.000000000000 0.001603258924 0.009574098189 0.000000000000 0.145218588779 0.000000000000 0.000000000000 0.230064391556 0.035225001038 0.000000000000 0.134251905127 0.033857696937 0.003468845981 Sum=1
0.134251905127 0.004214840980 0.000664244640 0.078071372342 0.097232082752 0.000000000000 0.258710032951 0.000000000000 0.000000000000 0.033857696937 0.175303455094 0.003651370065 0.009574098189 0.058287082673 0.011929913124 0.134251905127 0.000000000000 0.000000000000 0.000000000000 Sum=1
0.258710032951 0.008166782892 0.001332192453 0.079222846286 0.101735620222 0.000000000000 0.134251905127 0.000000000000 0.000000000000 0.134251905127 0.180958466508 0.010018546278 0.033857696937 0.020101684835 0.003534623448 0.033857696937 0.000000000000 0.000000000000 0.000000000000 Sum=0.999999999999999
0.033857696937 0.052590762928 0.010570139743 0.078218296156 0.097992742410 0.000000000000 0.009574098189 0.000000000000 0.000000000000 0.134251905127 0.176211038565 0.139410511388 0.258710032951 0.004442262432 0.000701667193 0.003468845981 0.000000000000 0.000000000000 0.000000000000 Sum=0.999999999999998
++++ Smoothing of area view factors in zones...OK

==== zone N1NP...
iteration #1 of 50
0.000000000000 0.000000000000 0.101561191971 0.259533387218 0.202351070759 0.149799005641 0.109734381578 0.023621947858 0.000000000000 0.000000000000 0.024509872773 0.006261774713 0.010614127743 0.003967039147 0.101561191971 0.004771724094 0.001713284535 0.000000000000 0.000000000000 Sum=1
0.000000000000 0.000000000000 0.002185881381 0.212866551095 0.006261774713 0.206976685239 0.005889865857 0.101561191971 0.000000000000 0.000000000000 0.000988588881 0.202351070759 0.001274759126 0.000442518785 0.023621947858 0.186168518988 0.049410645347 0.000000000000 0.000000000000 Sum=1
0.101561191971 0.002185881381 0.000000000000 0.254579193983 0.000000000000 0.211786465207 0.042792728776 0.000000000000 0.202351070759 0.006261774713 0.000000000000 0.000000000000 0.033837545488 0.012559707479 0.000000000000 0.002476323069 0.000724787849 0.023621947858 0.105261381468 Sum=0.999999999999999
0.052112656322 0.042742251926 0.051117885776 0.000000000000 0.052112656322 0.229059981463 0.073095152429 0.050917117489 0.051117885776 0.050917117489 0.047050145926 0.042742251926 0.043096354773 0.009804593497 0.052081427344 0.043096354773 0.009804593497 0.052081427344 0.047050145926 Sum=1
0.202351070759 0.006261774713 0.000000000000 0.259533387218 0.000000000000 0.137560841869 0.121972545349 0.000000000000 0.101561191971 0.023621947858 0.000000000000 0.000000000000 0.011058986974 0.003522179916 0.000000000000 0.004983626580 0.001501382049 0.101561191971 0.024509872773 Sum=1
0.037899148427 0.052365101365 0.053581975697 0.288615576644 0.034802892993 0.000000000000 0.000000000000 0.055031674161 0.053973319326 0.055202324440 0.057674927834 0.052508724858 0.045397808267 0.017802686050 0.035707061339 0.045397808267 0.017802686050 0.038726655233 0.057509629049 Sum=0.999999999999999
0.106779994381 0.005731292545 0.041640616847 0.354230354078 0.118688669128 0.000000000000 0.000000000000 0.035091899520 0.040135449045 0.034435552295 0.006185600128 0.005178894496 0.010535195909 0.002752113719 0.115059758132 0.010535195909 0.002752113719 0.103445935463 0.006821364685 Sum=1
0.023621947858 0.101561191971 0.000000000000 0.253579320302 0.000000000000 0.217516498661 0.036062821641 0.000000000000 0.006261774713 0.202351070759 0.000000000000 0.000000000000 0.002345596554 0.000685353151 0.000000000000 0.037808562494 0.014345445535 0.101561191971 0.002299224392 Sum=1.00000000000001
0.000000000000 0.000000000000 0.202351070759 0.254579193983 0.101561191971 0.213333277968 0.041245916014 0.006261774713 0.000000000000 0.000000000000 0.105261381468 0.002185881381 0.032846804756 0.013550448210 0.023621947858 0.002368714228 0.000832396690 0.000000000000 0.000000000000 Sum=0.999999999999998
0.000000000000 0.000000000000 0.006261774713 0.253579320302 0.023621947858 0.218191005691 0.035388314611 0.202351070759 0.000000000000 0.000000000000 0.002299224392 0.101561191971 0.002243550170 0.000787399534 0.101561191971 0.036791089349 0.015362918680 0.000000000000 0.000000000000 Sum=1
0.022549082951 0.000909501770 0.000000000000 0.215575214063 0.000000000000 0.209727010306 0.005848203757 0.000000000000 0.096840470950 0.002115286440 0.000000000000 0.000000000000 0.168772466274 0.055220304550 0.000000000000 0.001367375940 0.000394020813 0.006021295340 0.214659766846 Sum=1
0.006261774713 0.202351070759 0.000000000000 0.212866551095 0.000000000000 0.207544367028 0.005322184067 0.000000000000 0.002185881381 0.101561191971 0.000000000000 0.000000000000 0.001333307030 0.000383970882 0.000000000000 0.177876438803 0.057702725533 0.023621947858 0.000988588881 Sum=1
0.011829842814 0.001420766780 0.037713211491 0.239213246756 0.012325655086 0.199990344787 0.012066744213 0.002614255190 0.036608993847 0.002500520674 0.204460036235 0.001486020610 0.000000000000 0.000000000000 0.005194023959 0.010673589753 0.003325750932 0.004972556630 0.213604440244 Sum=1.00000000000001
0.014338012918 0.001599389324 0.045394371316 0.176482682955 0.012730164552 0.254324086434 0.010222136671 0.002477062102 0.048975191388 0.002845886889 0.216936910732 0.001387780474 0.000000000000 0.000000000000 0.005057010826 0.010784935166 0.003386265643 0.005775197734 0.187282914876 Sum=0.999999999999981
0.101561191971 0.023621947858 0.000000000000 0.259377859498 0.000000000000 0.141134629797 0.118243229701 0.000000000000 0.023621947858 0.101561191971 0.000000000000 0.000000000000 0.004660250746 0.001399172956 0.000000000000 0.012052790557 0.003869830088 0.202351070759 0.006544886239 Sum=0.999999999999995
0.005318265180 0.207491785480 0.002759954786 0.239213246756 0.005554438435 0.199990344787 0.012066744213 0.042139058638 0.002640020703 0.041005046719 0.001656512703 0.198249951617 0.010673589753 0.003325750932 0.013433286392 0.000000000000 0.000000000000 0.012898203538 0.001583799369 Sum=1
0.006192299819 0.178584189611 0.002619590370 0.176482682955 0.005426423692 0.254324086434 0.010222136671 0.051848538862 0.003008519467 0.055525977513 0.001547938906 0.208554136568 0.010784935166 0.003386265643 0.013986671603 0.000000000000 0.000000000000 0.015721868860 0.001783737860 Sum=1
0.000000000000 0.000000000000 0.023621947858 0.259377859498 0.101561191971 0.153069783529 0.106308075970 0.101561191971 0.000000000000 0.000000000000 0.006544886239 0.023621947858 0.004461542905 0.001597880796 0.202351070759 0.011572696455 0.004349924190 0.000000000000 0.000000000000 Sum=0.999999999999997
0.000000000000 0.000000000000 0.096840470950 0.215575214063 0.022549082951 0.209125923815 0.006449290248 0.002115286440 0.000000000000 0.000000000000 0.214659766846 0.000909501770 0.176320756128 0.047672014696 0.006021295340 0.001307354388 0.000454042364 0.000000000000 0.000000000000 Sum=1
++++ Smoothing of area view factors in zones...OK

==== zone S2NP...
iteration #1 of 50
0.000000000000 0.000000000000 0.055789809675 0.058665420654 0.066060615479 0.008497325940 0.164256815233 0.059180375450 0.061429387540 0.059160320258 0.054948594304 0.055052002977 0.055759030610 0.066060615479 0.008497325940 0.058724783109 0.056356971284 0.058143191885 0.053417414184 Sum=1
0.000000000000 0.000000000000 0.067280785535 0.060734938648 0.049098552335 0.010299303305 0.179772719077 0.064098869962 0.047991991758 0.064005701944 0.064223037223 0.064725462679 0.067197681460 0.049098552335 0.010299303305 0.061278699786 0.043029889691 0.051075959988 0.045788550969 Sum=0.999999999999998
0.079266577411 0.101861437727 0.000000000000 0.033857696937 0.008708059841 0.001426377709 0.181128015139 0.258710032951 0.035190853577 0.134251905127 0.000000000000 0.000000000000 0.000000000000 0.018540332436 0.003232707828 0.134251905127 0.009574098189 0.000000000000 0.000000000000 Sum=1
0.083352266922 0.091951188171 0.033857696937 0.000000000000 0.057374281385 0.012842714411 0.175303455094 0.000000000000 0.000000000000 0.000000000000 0.258710032951 0.009574098189 0.134251905127 0.004115827467 0.000763258153 0.000000000000 0.000000000000 0.003651370065 0.134251905127 Sum=1
0.092850173830 0.073534698197 0.008614424789 0.056757353628 0.000000000000 0.000000000000 0.175526822617 0.008414644555 0.002616776225 0.019446894385 0.057660339848 0.004394496169 0.019885537686 0.019732393376 0.003263084472 0.004291316632 0.227590580894 0.002679947397 0.222740515297 Sum=1
0.074048126048 0.095636387832 0.008748449949 0.078768648389 0.000000000000 0.000000000000 0.113004420222 0.009987087398 0.002961399328 0.024398612282 0.073170133826 0.004303558786 0.021679023815 0.020231123729 0.003386265643 0.004943271918 0.216046673035 0.002569738064 0.246117079735 Sum=1
0.079521156581 0.092739894762 0.061717694047 0.059733029143 0.060459238902 0.006278023346 0.000000000000 0.061717694047 0.054497397652 0.061659921921 0.059733029143 0.060042279807 0.061659921921 0.060459238902 0.006278023346 0.060042279807 0.049481889510 0.054497397652 0.049481889510 Sum=1
0.084083918535 0.097044096604 0.258710032951 0.000000000000 0.008506108083 0.001628329467 0.181128015139 0.000000000000 0.000000000000 0.000000000000 0.033857696937 0.134251905127 0.134251905127 0.018128013423 0.003645026841 0.000000000000 0.000000000000 0.035190853577 0.009574098189 Sum=0.999999999999999
0.080296985142 0.066845988520 0.032375585291 0.000000000000 0.002433601890 0.000444209899 0.147142973661 0.000000000000 0.000000000000 0.000000000000 0.003359260460 0.128257670477 0.009217062575 0.219222935572 0.034172226971 0.000000000000 0.000000000000 0.274756501332 0.001474998210 Sum=1
0.084055423969 0.096903042539 0.134251905127 0.000000000000 0.019658273672 0.003978034611 0.180958466508 0.000000000000 0.000000000000 0.000000000000 0.134251905127 0.033857696937 0.258710032951 0.007977043877 0.001521931467 0.000000000000 0.000000000000 0.010018546278 0.033857696937 Sum=0.999999999999998
0.078071372342 0.097232082752 0.000000000000 0.258710032951 0.058287082673 0.011929913124 0.175303455094 0.033857696937 0.003651370065 0.134251905127 0.000000000000 0.000000000000 0.000000000000 0.004214840980 0.000664244640 0.009574098189 0.134251905127 0.000000000000 0.000000000000 Sum=1
0.078218296156 0.097992742410 0.000000000000 0.009574098189 0.004442262432 0.000701667193 0.176211038565 0.134251905127 0.139410511388 0.033857696937 0.000000000000 0.000000000000 0.000000000000 0.052590762928 0.010570139743 0.258710032951 0.003468845981 0.000000000000 0.000000000000 Sum=0.999999999999997
